INSTANCE	NODE,EDGES	COLORS	RESULT(CONFLICT))	EXECTIME	NIT	STARTTEMP : MINTEMP	TEMPFACTOR	AVGITCONSTTEMP	MAXITCONSTTEMP

instances/DSJC250.5.col	(250,31336)	41	COLORED(C:0)	56	379079	3.50	0.01000	0.999900	20	100
instances/DSJC250.5.col	(250,31336)	40	COLORED(C:0)	56	379568	3.50	0.01000	0.999900	20	100
instances/DSJC250.5.col	(250,31336)	39	COLORED(C:0)	66	422101	3.50	0.01000	0.999900	20	100
instances/DSJC250.5.col	(250,31336)	38	COLORED(C:0)	66	437004	3.50	0.01000	0.999900	20	100
instances/DSJC250.5.col	(250,31336)	37	COLORED(C:0)	66	447075	3.50	0.01000	0.999900	20	100
instances/DSJC250.5.col	(250,31336)	36	COLORED(C:0)	63	432536	3.50	0.01000	0.999900	20	100
instances/DSJC250.5.col	(250,31336)	35	COLORED(C:0)	72	467837	3.50	0.01000	0.999900	20	100
instances/DSJC250.5.col	(250,31336)	34	COLORED(C:0)	74	500684	3.50	0.01000	0.999900	20	100
instances/DSJC250.5.col	(250,31336)	33	COLORED(C:0)	84	545206	3.50	0.01000	0.999900	20	100
instances/DSJC250.5.col	(250,31336)	32	COLORED(C:0)	126	725633	3.50	0.01000	0.999900	20	100
instances/DSJC250.5.col	(250,31336)	31	COLORED(C:0)	187	881929	3.50	0.01000	0.999900	20	100

instances/DSJC250.5.col	(250,31336)	39	COLORED(C:0)	96	1258656	4.00	0.01000	0.999950	30	100
instances/DSJC250.5.col	(250,31336)	38	COLORED(C:0)	97	1282030	4.00	0.01000	0.999950	30	100
instances/DSJC250.5.col	(250,31336)	37	COLORED(C:0)	104	1372823	4.00	0.01000	0.999950	30	100
instances/DSJC250.5.col	(250,31336)	36	COLORED(C:0)	108	1419855	4.00	0.01000	0.999950	30	100
instances/DSJC250.5.col	(250,31336)	35	COLORED(C:0)	117	1530207	4.00	0.01000	0.999950	30	100
instances/DSJC250.5.col	(250,31336)	34	COLORED(C:0)	125	1616544	4.00	0.01000	0.999950	30	100
instances/DSJC250.5.col	(250,31336)	33	COLORED(C:0)	128	1662003	4.00	0.01000	0.999950	30	100
instances/DSJC250.5.col	(250,31336)	32	COLORED(C:0)	139	1789387	4.00	0.01000	0.999950	30	100
instances/DSJC250.5.col	(250,31336)	31	COLORED(C:0)	152	1959564	4.00	0.01000	0.999950	30	100
instances/DSJC250.5.col	(250,31336)	30	COLORED(C:0)	259	2607121	4.00	0.01000	0.999950	30	100

instances/DSJC500.5.col	(500,125248)	66	COLORED(C:0)	72	488406	3.50	0.01000	0.999900	20	100
instances/DSJC500.5.col	(500,125248)	65	COLORED(C:0)	96	512766	3.50	0.01000	0.999900	20	100
instances/DSJC500.5.col	(500,125248)	64	COLORED(C:0)	112	524641	3.50	0.01000	0.999900	20	100
instances/DSJC500.5.col	(500,125248)	63	COLORED(C:0)	127	570563	3.50	0.01000	0.999900	20	100
instances/DSJC500.5.col	(500,125248)	62	COLORED(C:0)	128	574228	3.50	0.01000	0.999900	20	100
instances/DSJC500.5.col	(500,125248)	61	COLORED(C:0)	140	604856	3.50	0.01000	0.999900	20	100
instances/DSJC500.5.col	(500,125248)	60	COLORED(C:0)	141	621825	3.50	0.01000	0.999900	20	100
instances/DSJC500.5.col	(500,125248)	59	COLORED(C:0)	182	640315	3.50	0.01000	0.999900	20	100
instances/DSJC500.5.col	(500,125248)	58	COLORED(C:0)	240	921483	3.50	0.01000	0.999900	20	100
instances/DSJC500.5.col	(500,125248)	57	COLORED(C:0)	344	1253015	4.50	0.10000	0.999900	30	200
instances/DSJC500.5.col	(500,125248)	56	COLORED(C:0)	1774	8205666	3.50	0.10000	0.999990	30	200

instances/DSJC500.5.col	(500,125248)	65	COLORED(C:0)	240	1511333	4.00	0.01000	0.999950	30	100
instances/DSJC500.5.col	(500,125248)	64	COLORED(C:0)	255	1595345	4.00	0.01000	0.999950	30	100
instances/DSJC500.5.col	(500,125248)	63	COLORED(C:0)	269	1659099	4.00	0.01000	0.999950	30	100
instances/DSJC500.5.col	(500,125248)	62	COLORED(C:0)	263	1638940	4.00	0.01000	0.999950	30	100
instances/DSJC500.5.col	(500,125248)	61	COLORED(C:0)	264	1652821	4.00	0.01000	0.999950	30	100
instances/DSJC500.5.col	(500,125248)	60	COLORED(C:0)	268	1682762	4.00	0.01000	0.999950	30	100
instances/DSJC500.5.col	(500,125248)	59	COLORED(C:0)	278	1742086	4.00	0.01000	0.999950	30	100
instances/DSJC500.5.col	(500,125248)	58	COLORED(C:0)	278	1745491	4.00	0.01000	0.999950	30	100
instances/DSJC500.5.col	(500,125248)	57	COLORED(C:0)	330	2041418	4.00	0.01000	0.999950	30	100
instances/DSJC500.5.col	(500,125248)	56	COLORED(C:0)	427	2442613	4.00	0.01000	0.999950	30	100

instances/DSJC1000.5.col	(1000,499652)	121	COLORED(C:0)	237	573762	3.50	0.01000	0.999900	20	100
instances/DSJC1000.5.col	(1000,499652)	120	COLORED(C:0)	245	587126	3.50	0.01000	0.999900	20	100
instances/DSJC1000.5.col	(1000,499652)	119	COLORED(C:0)	241	578956	3.50	0.01000	0.999900	20	100
instances/DSJC1000.5.col	(1000,499652)	118	COLORED(C:0)	255	604563	3.50	0.01000	0.999900	20	100
instances/DSJC1000.5.col	(1000,499652)	117	COLORED(C:0)	279	662975	3.50	0.01000	0.999900	20	100
instances/DSJC1000.5.col	(1000,499652)	116	COLORED(C:0)	275	630169	3.50	0.01000	0.999900	20	100
instances/DSJC1000.5.col	(1000,499652)	115	COLORED(C:0)	317	717115	3.50	0.01000	0.999900	20	100
instances/DSJC1000.5.col	(1000,499652)	114	COLORED(C:0)	308	695615	3.50	0.01000	0.999900	20	100
instances/DSJC1000.5.col	(1000,499652)	113	COLORED(C:0)	289	674854	3.50	0.01000	0.999900	20	100

instances/DSJC1000.5.col	(1000,499652)	115	COLORED(C:0)	714	1672679	4.00	0.01000	0.999950	30	100
instances/DSJC1000.5.col	(1000,499652)	114	COLORED(C:0)	728	1709439	4.00	0.01000	0.999950	30	100
instances/DSJC1000.5.col	(1000,499652)	113	COLORED(C:0)	754	1767158	4.00	0.01000	0.999950	30	100
instances/DSJC1000.5.col	(1000,499652)	112	COLORED(C:0)	781	1827423	4.00	0.01000	0.999950	30	100
instances/DSJC1000.5.col	(1000,499652)	111	COLORED(C:0)	899	1927534	4.00	0.01000	0.999950	30	100
instances/DSJC1000.5.col	(1000,499652)	110	COLORED(C:0)	873	1926025	4.00	0.01000	0.999950	30	100
instances/DSJC1000.5.col	(1000,499652)	109	COLORED(C:0)	922	2045103	4.00	0.01000	0.999950	30	100
instances/DSJC1000.5.col	(1000,499652)	108	COLORED(C:0)	1037	2266133	4.00	0.01000	0.999950	30	100
instances/DSJC1000.5.col	(1000,499652)	107	COLORED(C:0)	1182	2485012	4.00	0.01000	0.999950	30	100
instances/DSJC1000.5.col	(1000,499652)	106	COLORED(C:0)	962	2085732	4.00	0.01000	0.999950	30	100

instances/flat1000_76_0.col	(1000,246708)	120	COLORED(C:0)	224	548604	3.50	0.01000	0.999900	20	100
instances/flat1000_76_0.col	(1000,246708)	119	COLORED(C:0)	246	586551	3.50	0.01000	0.999900	20	100
instances/flat1000_76_0.col	(1000,246708)	118	COLORED(C:0)	252	593313	3.50	0.01000	0.999900	20	100
instances/flat1000_76_0.col	(1000,246708)	117	COLORED(C:0)	256	604582	3.50	0.01000	0.999900	20	100
instances/flat1000_76_0.col	(1000,246708)	116	COLORED(C:0)	280	639688	3.50	0.01000	0.999900	20	100
instances/flat1000_76_0.col	(1000,246708)	115	COLORED(C:0)	294	667400	3.50	0.01000	0.999900	20	100
instances/flat1000_76_0.col	(1000,246708)	114	COLORED(C:0)	279	647403	3.50	0.01000	0.999900	20	100
instances/flat1000_76_0.col	(1000,246708)	113	COLORED(C:0)	288	672680	3.50	0.01000	0.999900	20	100
instances/flat1000_76_0.col	(1000,246708)	112	COLORED(C:0)	348	759858	3.50	0.01000	0.999900	20	100
instances/flat1000_76_0.col	(1000,246708)	111	COLORED(C:0)	458	922046	3.50	0.01000	0.999900	20	100
instances/flat1000_76_0.col	(1000,246708)	110	COLORED(C:0)	327	729942	3.50	0.01000	0.999900	20	100

instances/flat1000_76_0.col	(1000,246708)	113	COLORED(C:0)	697	1682256	4.00	0.01000	0.999950	30	100
instances/flat1000_76_0.col	(1000,246708)	112	COLORED(C:0)	696	1676446	4.00	0.01000	0.999950	30	100
instances/flat1000_76_0.col	(1000,246708)	111	COLORED(C:0)	771	1813961	4.00	0.01000	0.999950	30	100
instances/flat1000_76_0.col	(1000,246708)	110	COLORED(C:0)	739	1739888	4.00	0.01000	0.999950	30	100
instances/flat1000_76_0.col	(1000,246708)	109	COLORED(C:0)	766	1828955	4.00	0.01000	0.999950	30	100
instances/flat1000_76_0.col	(1000,246708)	108	COLORED(C:0)	839	1909523	4.00	0.01000	0.999950	30	100
instances/flat1000_76_0.col	(1000,246708)	107	COLORED(C:0)	853	1958354	4.00	0.01000	0.999950	30	100
instances/flat1000_76_0.col	(1000,246708)	106	COLORED(C:0)	918	2072819	4.00	0.01000	0.999950	30	100
instances/flat1000_76_0.col	(1000,246708)	105	COLORED(C:0)	8149	2355461	4.00	0.01000	0.999950	30	100
instances/flat1000_76_0.col	(1000,246708)	104	COLORED(C:0)	13788	2689224	4.00	0.01000	0.999950	30	100

instances/flat300_28_0.col	(300,21695)	45	COLORED(C:0)	32	379021	3.50	0.01000	0.999900	20	100
instances/flat300_28_0.col	(300,21695)	44	COLORED(C:0)	37	424575	3.50	0.01000	0.999900	20	100
instances/flat300_28_0.col	(300,21695)	43	COLORED(C:0)	38	448429	3.50	0.01000	0.999900	20	100
instances/flat300_28_0.col	(300,21695)	42	COLORED(C:0)	35	416502	3.50	0.01000	0.999900	20	100
instances/flat300_28_0.col	(300,21695)	41	COLORED(C:0)	41	474316	3.50	0.01000	0.999900	20	100
instances/flat300_28_0.col	(300,21695)	40	COLORED(C:0)	41	481368	3.50	0.01000	0.999900	20	100
instances/flat300_28_0.col	(300,21695)	39	COLORED(C:0)	43	501389	3.50	0.01000	0.999900	20	100
instances/flat300_28_0.col	(300,21695)	38	COLORED(C:0)	44	511514	3.50	0.01000	0.999900	20	100
instances/flat300_28_0.col	(300,21695)	37	COLORED(C:0)	48	556205	3.50	0.01000	0.999900	20	100
instances/flat300_28_0.col	(300,21695)	36	COLORED(C:0)	54	608014	3.50	0.01000	0.999900	20	100

instances/flat300_28_0.col	(300,21695)	43	COLORED(C:0)	147	1395136	4.00	0.01000	0.999950	30	100
instances/flat300_28_0.col	(300,21695)	42	COLORED(C:0)	144	1362457	4.00	0.01000	0.999950	30	100
instances/flat300_28_0.col	(300,21695)	41	COLORED(C:0)	146	1405079	4.00	0.01000	0.999950	30	100
instances/flat300_28_0.col	(300,21695)	40	COLORED(C:0)	152	1459110	4.00	0.01000	0.999950	30	100
instances/flat300_28_0.col	(300,21695)	39	COLORED(C:0)	143	1397872	4.00	0.01000	0.999950	30	100
instances/flat300_28_0.col	(300,21695)	38	COLORED(C:0)	156	1503623	4.00	0.01000	0.999950	30	100
instances/flat300_28_0.col	(300,21695)	37	COLORED(C:0)	169	1619797	4.00	0.01000	0.999950	30	100
instances/flat300_28_0.col	(300,21695)	36	COLORED(C:0)	179	1700336	4.00	0.01000	0.999950	30	100
instances/flat300_28_0.col	(300,21695)	35	COLORED(C:0)	189	1792812	4.00	0.01000	0.999950	30	100
instances/flat300_28_0.col	(300,21695)	34	COLORED(C:0)	223	2034351	4.00	0.01000	0.999950	30	100

instances/le450_15c.col	(450,16680)	26	COLORED(C:0)	42	468501	3.50	0.01000	0.999900	20	100
instances/le450_15c.col	(450,16680)	25	COLORED(C:0)	41	465933	3.50	0.01000	0.999900	20	100
instances/le450_15c.col	(450,16680)	24	COLORED(C:0)	43	486148	3.50	0.01000	0.999900	20	100

instances/le450_15c.col	(450,16680)	26	COLORED(C:0)	145	1366473	4.00	0.01000	0.999950	30	100
instances/le450_15c.col	(450,16680)	25	COLORED(C:0)	149	1417999	4.00	0.01000	0.999950	30	100
instances/le450_15c.col	(450,16680)	24	COLORED(C:0)	167	1564313	4.00	0.01000	0.999950	30	100
instances/le450_15c.col	(450,16680)	23	COLORED(C:0)	190	1716689	4.00	0.01000	0.999950	30	100

instances/le450_25c.col	(450,17343)	29	COLORED(C:0)	244	1993416	4.00	0.01000	0.999950	30	100