INSTANCE	NODE,EDGES	COLORS	RESULT(CONFLICT))	EXECTIME	NIT	STARTTEMP : MINTEMP	TEMPFACTOR	AVGITCONSTTEMP	MAXITCONSTTEMP

instances/DSJC500.5.col	(500,125248)	71	COLORED(C:0)	102	479584	3.50	0.01000	0.999900	20	100
instances/DSJC500.5.col	(500,125248)	70	COLORED(C:0)	86	462562	3.50	0.01000	0.999900	20	100
instances/DSJC500.5.col	(500,125248)	69	COLORED(C:0)	98	473073	3.50	0.01000	0.999900	20	100
instances/DSJC500.5.col	(500,125248)	68	COLORED(C:0)	85	467023	3.50	0.01000	0.999900	20	100
instances/DSJC500.5.col	(500,125248)	67	COLORED(C:0)	91	483045	3.50	0.01000	0.999900	20	100
instances/DSJC500.5.col	(500,125248)	66	COLORED(C:0)	72	488406	3.50	0.01000	0.999900	20	100
instances/DSJC500.5.col	(500,125248)	65	COLORED(C:0)	96	512766	3.50	0.01000	0.999900	20	100
instances/DSJC500.5.col	(500,125248)	64	COLORED(C:0)	112	524641	3.50	0.01000	0.999900	20	100
instances/DSJC500.5.col	(500,125248)	63	COLORED(C:0)	127	570563	3.50	0.01000	0.999900	20	100
instances/DSJC500.5.col	(500,125248)	62	COLORED(C:0)	128	574228	3.50	0.01000	0.999900	20	100
instances/DSJC500.5.col	(500,125248)	61	COLORED(C:0)	140	604856	3.50	0.01000	0.999900	20	100
instances/DSJC500.5.col	(500,125248)	60	COLORED(C:0)	141	621825	3.50	0.01000	0.999900	20	100
instances/DSJC500.5.col	(500,125248)	59	COLORED(C:0)	182	640315	3.50	0.01000	0.999900	20	100
instances/DSJC500.5.col	(500,125248)	58	COLORED(C:0)	240	921483	3.50	0.01000	0.999900	20	100
instances/DSJC500.5.col	(500,125248)	57	COLORED(C:0)	344	1253015	4.50	0.10000	0.999900	30	200
instances/DSJC500.5.col	(500,125248)	57	COLORED(C:0)	361	1482947	3.50	0.10000	0.999900	40	100
instances/DSJC500.5.col	(500,125248)	57	COLORED(C:0)	314	1509223	3.50	0.10000	0.999900	40	150
instances/DSJC500.5.col	(500,125248)	56	COLORED(C:0)	1774	8205666	3.50	0.10000	0.999990	30	200

instances/DSJC1000.5.col	(1000,499652)	121	COLORED(C:0)	200	575136	3.50	0.01000	0.999900	20	100
instances/DSJC1000.5.col	(1000,499652)	120	COLORED(C:0)	229	572590	3.50	0.01000	0.999900	20	100
instances/DSJC1000.5.col	(1000,499652)	119	COLORED(C:0)	247	610022	3.50	0.01000	0.999900	20	100
instances/DSJC1000.5.col	(1000,499652)	118	COLORED(C:0)	229	590321	3.50	0.01000	0.999900	20	100
instances/DSJC1000.5.col	(1000,499652)	117	COLORED(C:0)	247	644400	3.50	0.01000	0.999900	20	100
instances/DSJC1000.5.col	(1000,499652)	116	COLORED(C:0)	257	646982	3.50	0.01000	0.999900	20	100
instances/DSJC1000.5.col	(1000,499652)	115	COLORED(C:0)	299	703118	3.50	0.01000	0.999900	20	100